image: simu_map.pgm
resolution: 0.050000
origin: [-102.425003, -102.425003, 0.000000]
negate: 0
occupied_thresh: 0.65
free_thresh: 0.196

